4294967279,118
4294967279,117
4294967279,116
4294967279,115
4294967279,114
4294967279,113
4294967279,112
4294967278,120
4294967278,119
4294967278,118
4294967278,115
4294967278,108
4294967278,107
4294967278,106
4294967278,105
4294967278,104
4294967278,103
4294967279,111
4294967279,110
4294967279,109
4294967279,108
4294967279,107
4294967279,106
4294967279,105
4294967279,104
4294967279,103
4294967279,102
4294967279,101
4294967279,100
4294967279,99
4294967279,98
4294967279,97
4294967279,96
4294967279,95
4294967279,315
4294967278,311
4294967279,193
4294967278,310
4294967279,192
4294967279,191
4294967279,190
19,4
19,3
19,2
19,1
4294967278,309
4294967279,189
4294967279,314
4294967278,308
4294967279,187
4294967279,185
18,4
4294967279,184
18,3
18,2
18,1
4294967279,313
4294967294,437
4294967279,183
4294967279,312
4294967294,962
4294967294,436
4294967294,318
4294967278,307
4294967279,311
4294967278,306
4294967279,310
4294967279,179
4294967278,305
4294967279,178
4294967279,309
4294967279,177
4294967279,176
4294967294,89
4294967279,172
4294967279,175
17,5
17,4
4294967279,173
17,3
17,2
17,1
4294967279,308
4294967294,388
4294967294,387
4294967279,171
4294967279,170
16,5
16,4
4294967279,169
16,3
16,2
16,1
4294967279,307
4294967279,168
4294967294,966
4294967279,167
4294967279,166
4294967278,304
4294967279,165
4294967279,164
4294967279,163
14,4
14,3
14,2
14,1
4294967278,303
4294967279,162
0,7
4294967279,161
4294967278,302
4294967294,1
4294967294,390
4294967294,899
4294967294,900
4294967294,0
4294967294,186
4294967294,39
4294967294,40
4294967294,37
4294967294,69
4294967294,29
4294967294,392
4294967294,393
4294967294,46
4294967294,389
4294967294,114
4294967294,120
4294967294,2
4294967279,306
4294967278,301
4294967279,305
4294967278,300
4294967294,427
4294967294,43
4294967294,42
4294967294,38
4294967279,304
0,5
4294967278,299
4294967294,53
4294967294,45
4294967294,36
4294967294,417
4294967294,82
4294967279,156
4294967278,298
4294967294,107
4294967294,50
4294967294,92
4294967294,91
4294967294,90
4294967294,88
4294967294,87
4294967294,86
4294967294,85
4294967294,84
4294967294,413
4294967294,947
4294967294,946
4294967294,915
4294967294,28
4294967294,914
4294967294,27
4294967294,44
4294967294,96
4294967294,94
4294967279,303
4294967294,9
4294967279,154
4294967294,8
4294967279,302
4294967279,260
4294967279,0
4294967294,7
4294967278,297
4294967278,260
4294967278,0
4294967294,6
4294967294,22
4294967294,61
4294967294,31
4294967294,17
4294967294,99
4294967294,76
4294967294,41
4294967294,424
4294967294,51
4294967294,52
4294967294,469
4294967294,93
4294967294,95
2,4
3,4
4294967294,12
4294967294,468
4294967294,25
4294967294,940
4294967294,26
4294967294,81
4294967294,969
4294967294,67
4294967294,68
4294967294,11
4294967278,132
4294967278,131
4294967278,130
4294967278,129
4294967278,128
4294967278,127
4294967278,126
4294967278,125
4294967278,124
4294967278,123
4294967278,122
4294967278,121
4294967278,117
4294967278,116
4294967278,114
4294967278,113
4294967278,112
4294967278,111
4294967278,110
4294967278,109
4294967279,94
4294967279,93
4294967279,92
4294967279,91
4294967279,90
4294967279,89
4294967279,87
4294967279,86
4294967279,85
4294967279,84
4294967279,83
4294967279,82
4294967279,81
4294967279,80
4294967279,79
4294967279,78
4294967279,77
4294967279,76
4294967279,75
4294967279,74
4294967279,73
4294967279,72
4294967279,71
4294967279,70
4294967279,69
4294967279,68
4294967279,67
4294967279,66
4294967279,65
4294967279,64
4294967279,63
4294967279,62
4294967279,61
4294967279,60
4294967279,59
4294967279,58
4294967279,57
4294967279,56
4294967279,55
4294967279,54
4294967279,53
4294967279,52
4294967279,51
4294967279,50
4294967279,49
4294967279,48
4294967279,47
4294967279,46
4294967279,45
4294967279,44
4294967279,43
4294967279,42
4294967279,41
4294967279,40
4294967279,39
4294967279,38
4294967279,37
4294967279,36
4294967279,35
4294967279,34
4294967279,33
4294967279,32
